0.84 0.03 0.54 0.36
0.03 -1.00 -0.00 -0.00
0.54 0.02 -0.84 0.36
0.00 0.00 0.00 1.00


0.68 -0.56 0.47 0.39
-0.51 -0.82 -0.25 0.18
0.53 -0.07 -0.85 0.38
0.00 0.00 0.00 1.00


0.02 0.99 0.15 0.39
0.78 0.08 -0.62 0.30
-0.63 0.13 -0.77 0.33
0.00 0.00 0.00 1.00


0.63 0.72 -0.28 0.55
0.53 -0.67 -0.53 0.20
-0.57 0.19 -0.80 0.26
0.00 0.00 0.00 1.00


0.81 0.02 -0.59 0.62
0.02 -1.00 -0.02 -0.04
-0.59 0.00 -0.81 0.17
0.00 0.00 0.00 1.00


0.58 -0.66 -0.48 0.58
-0.56 -0.75 0.36 -0.24
-0.60 0.06 -0.80 0.15
0.00 0.00 0.00 1.00


-0.03 -1.00 -0.08 0.45
-0.70 -0.03 0.71 -0.33
-0.71 0.08 -0.70 0.13
0.00 0.00 0.00 1.00


-0.36 -0.86 0.35 0.32
-0.54 0.50 0.67 -0.24
-0.76 0.06 -0.65 0.13
0.00 0.00 0.00 1.00


1.00 -0.02 -0.03 0.50
-0.02 -1.00 -0.01 -0.02
-0.03 0.01 -1.00 0.46
0.00 0.00 0.00 1.00


reset


0.84 0.03 0.54 0.39
0.03 -1.00 -0.00 0.01
0.54 0.02 -0.84 0.37
0.00 0.00 0.00 1.00


0.68 -0.56 0.47 0.38
-0.51 -0.82 -0.25 0.18
0.53 -0.07 -0.85 0.38
0.00 0.00 0.00 1.00


0.02 0.99 0.15 0.36
0.78 0.08 -0.62 0.30
-0.63 0.13 -0.77 0.36
0.00 0.00 0.00 1.00


0.63 0.72 -0.28 0.56
0.53 -0.67 -0.53 0.19
-0.57 0.19 -0.80 0.29
0.00 0.00 0.00 1.00


0.81 0.02 -0.59 0.64
0.02 -1.00 -0.02 -0.06
-0.59 0.00 -0.81 0.17
0.00 0.00 0.00 1.00


0.58 -0.66 -0.48 0.58
-0.56 -0.75 0.36 -0.22
-0.60 0.06 -0.80 0.15
0.00 0.00 0.00 1.00


-0.03 -1.00 -0.08 0.47
-0.70 -0.03 0.71 -0.35
-0.71 0.08 -0.70 0.15
0.00 0.00 0.00 1.00


-0.36 -0.86 0.35 0.34
-0.54 0.50 0.67 -0.23
-0.76 0.06 -0.65 0.15
0.00 0.00 0.00 1.00


1.00 -0.02 -0.03 0.53
-0.02 -1.00 -0.01 -0.04
-0.03 0.01 -1.00 0.45
0.00 0.00 0.00 1.00


reset


0.84 0.03 0.54 0.33
0.03 -1.00 -0.00 -0.00
0.54 0.02 -0.84 0.35
0.00 0.00 0.00 1.00


0.68 -0.56 0.47 0.42
-0.51 -0.82 -0.25 0.17
0.53 -0.07 -0.85 0.39
0.00 0.00 0.00 1.00


0.02 0.99 0.15 0.37
0.78 0.08 -0.62 0.30
-0.63 0.13 -0.77 0.33
0.00 0.00 0.00 1.00


0.63 0.72 -0.28 0.52
0.53 -0.67 -0.53 0.23
-0.57 0.19 -0.80 0.28
0.00 0.00 0.00 1.00


0.81 0.02 -0.59 0.60
0.02 -1.00 -0.02 -0.06
-0.59 0.00 -0.81 0.17
0.00 0.00 0.00 1.00


0.58 -0.66 -0.48 0.55
-0.56 -0.75 0.36 -0.21
-0.60 0.06 -0.80 0.14
0.00 0.00 0.00 1.00


-0.03 -1.00 -0.08 0.43
-0.70 -0.03 0.71 -0.30
-0.71 0.08 -0.70 0.12
0.00 0.00 0.00 1.00


-0.36 -0.86 0.35 0.32
-0.54 0.50 0.67 -0.24
-0.76 0.06 -0.65 0.13
0.00 0.00 0.00 1.00


1.00 -0.02 -0.03 0.53
-0.02 -1.00 -0.01 -0.05
-0.03 0.01 -1.00 0.47
0.00 0.00 0.00 1.00


reset


0.84 0.03 0.54 0.35
0.03 -1.00 -0.00 -0.02
0.54 0.02 -0.84 0.35
0.00 0.00 0.00 1.00


0.68 -0.56 0.47 0.39
-0.51 -0.82 -0.25 0.16
0.53 -0.07 -0.85 0.38
0.00 0.00 0.00 1.00


0.02 0.99 0.15 0.36
0.78 0.08 -0.62 0.27
-0.63 0.13 -0.77 0.33
0.00 0.00 0.00 1.00


0.63 0.72 -0.28 0.56
0.53 -0.67 -0.53 0.18
-0.57 0.19 -0.80 0.24
0.00 0.00 0.00 1.00


0.81 0.02 -0.59 0.63
0.02 -1.00 -0.02 -0.07
-0.59 0.00 -0.81 0.18
0.00 0.00 0.00 1.00


0.58 -0.66 -0.48 0.57
-0.56 -0.75 0.36 -0.22
-0.60 0.06 -0.80 0.12
0.00 0.00 0.00 1.00


-0.03 -1.00 -0.08 0.43
-0.70 -0.03 0.71 -0.34
-0.71 0.08 -0.70 0.14
0.00 0.00 0.00 1.00


-0.36 -0.86 0.35 0.33
-0.54 0.50 0.67 -0.23
-0.76 0.06 -0.65 0.14
0.00 0.00 0.00 1.00


1.00 -0.02 -0.03 0.51
-0.02 -1.00 -0.01 -0.00
-0.03 0.01 -1.00 0.46
0.00 0.00 0.00 1.00


reset


0.84 0.03 0.54 0.38
0.03 -1.00 -0.00 -0.01
0.54 0.02 -0.84 0.37
0.00 0.00 0.00 1.00


0.68 -0.56 0.47 0.36
-0.51 -0.82 -0.25 0.17
0.53 -0.07 -0.85 0.40
0.00 0.00 0.00 1.00


0.02 0.99 0.15 0.38
0.78 0.08 -0.62 0.28
-0.63 0.13 -0.77 0.32
0.00 0.00 0.00 1.00


0.63 0.72 -0.28 0.57
0.53 -0.67 -0.53 0.18
-0.57 0.19 -0.80 0.29
0.00 0.00 0.00 1.00


0.81 0.02 -0.59 0.62
0.02 -1.00 -0.02 -0.02
-0.59 0.00 -0.81 0.16
0.00 0.00 0.00 1.00


0.58 -0.66 -0.48 0.57
-0.56 -0.75 0.36 -0.24
-0.60 0.06 -0.80 0.17
0.00 0.00 0.00 1.00


-0.03 -1.00 -0.08 0.48
-0.70 -0.03 0.71 -0.34
-0.71 0.08 -0.70 0.12
0.00 0.00 0.00 1.00


-0.36 -0.86 0.35 0.30
-0.54 0.50 0.67 -0.23
-0.76 0.06 -0.65 0.14
0.00 0.00 0.00 1.00


1.00 -0.02 -0.03 0.53
-0.02 -1.00 -0.01 -0.05
-0.03 0.01 -1.00 0.44
0.00 0.00 0.00 1.00


reset


0.84 0.03 0.54 0.36
0.03 -1.00 -0.00 0.02
0.54 0.02 -0.84 0.35
0.00 0.00 0.00 1.00


0.68 -0.56 0.47 0.38
-0.51 -0.82 -0.25 0.20
0.53 -0.07 -0.85 0.37
0.00 0.00 0.00 1.00


0.02 0.99 0.15 0.39
0.78 0.08 -0.62 0.27
-0.63 0.13 -0.77 0.31
0.00 0.00 0.00 1.00


0.63 0.72 -0.28 0.55
0.53 -0.67 -0.53 0.22
-0.57 0.19 -0.80 0.26
0.00 0.00 0.00 1.00


0.81 0.02 -0.59 0.63
0.02 -1.00 -0.02 -0.04
-0.59 0.00 -0.81 0.15
0.00 0.00 0.00 1.00


0.58 -0.66 -0.48 0.59
-0.56 -0.75 0.36 -0.27
-0.60 0.06 -0.80 0.15
0.00 0.00 0.00 1.00


-0.03 -1.00 -0.08 0.47
-0.70 -0.03 0.71 -0.34
-0.71 0.08 -0.70 0.15
0.00 0.00 0.00 1.00


-0.36 -0.86 0.35 0.32
-0.54 0.50 0.67 -0.22
-0.76 0.06 -0.65 0.13
0.00 0.00 0.00 1.00


1.00 -0.02 -0.03 0.48
-0.02 -1.00 -0.01 -0.02
-0.03 0.01 -1.00 0.47
0.00 0.00 0.00 1.00


reset


0.84 0.03 0.54 0.34
0.03 -1.00 -0.00 0.02
0.54 0.02 -0.84 0.37
0.00 0.00 0.00 1.00


0.68 -0.56 0.47 0.42
-0.51 -0.82 -0.25 0.20
0.53 -0.07 -0.85 0.35
0.00 0.00 0.00 1.00


0.02 0.99 0.15 0.40
0.78 0.08 -0.62 0.29
-0.63 0.13 -0.77 0.30
0.00 0.00 0.00 1.00


0.63 0.72 -0.28 0.54
0.53 -0.67 -0.53 0.21
-0.57 0.19 -0.80 0.25
0.00 0.00 0.00 1.00


0.81 0.02 -0.59 0.64
0.02 -1.00 -0.02 -0.06
-0.59 0.00 -0.81 0.18
0.00 0.00 0.00 1.00


0.58 -0.66 -0.48 0.57
-0.56 -0.75 0.36 -0.27
-0.60 0.06 -0.80 0.14
0.00 0.00 0.00 1.00


-0.03 -1.00 -0.08 0.46
-0.70 -0.03 0.71 -0.30
-0.71 0.08 -0.70 0.14
0.00 0.00 0.00 1.00


-0.36 -0.86 0.35 0.32
-0.54 0.50 0.67 -0.23
-0.76 0.06 -0.65 0.10
0.00 0.00 0.00 1.00


1.00 -0.02 -0.03 0.49
-0.02 -1.00 -0.01 -0.01
-0.03 0.01 -1.00 0.46
0.00 0.00 0.00 1.00


reset


0.84 0.03 0.54 0.34
0.03 -1.00 -0.00 -0.01
0.54 0.02 -0.84 0.35
0.00 0.00 0.00 1.00


0.68 -0.56 0.47 0.40
-0.51 -0.82 -0.25 0.21
0.53 -0.07 -0.85 0.39
0.00 0.00 0.00 1.00


0.02 0.99 0.15 0.39
0.78 0.08 -0.62 0.29
-0.63 0.13 -0.77 0.32
0.00 0.00 0.00 1.00


0.63 0.72 -0.28 0.55
0.53 -0.67 -0.53 0.21
-0.57 0.19 -0.80 0.28
0.00 0.00 0.00 1.00


0.81 0.02 -0.59 0.62
0.02 -1.00 -0.02 -0.05
-0.59 0.00 -0.81 0.17
0.00 0.00 0.00 1.00


0.58 -0.66 -0.48 0.58
-0.56 -0.75 0.36 -0.23
-0.60 0.06 -0.80 0.12
0.00 0.00 0.00 1.00


-0.03 -1.00 -0.08 0.43
-0.70 -0.03 0.71 -0.32
-0.71 0.08 -0.70 0.14
0.00 0.00 0.00 1.00


-0.36 -0.86 0.35 0.29
-0.54 0.50 0.67 -0.22
-0.76 0.06 -0.65 0.12
0.00 0.00 0.00 1.00


1.00 -0.02 -0.03 0.47
-0.02 -1.00 -0.01 -0.03
-0.03 0.01 -1.00 0.49
0.00 0.00 0.00 1.00


reset


0.84 0.03 0.54 0.36
0.03 -1.00 -0.00 -0.02
0.54 0.02 -0.84 0.36
0.00 0.00 0.00 1.00


0.68 -0.56 0.47 0.36
-0.51 -0.82 -0.25 0.16
0.53 -0.07 -0.85 0.38
0.00 0.00 0.00 1.00


0.02 0.99 0.15 0.41
0.78 0.08 -0.62 0.30
-0.63 0.13 -0.77 0.32
0.00 0.00 0.00 1.00


0.63 0.72 -0.28 0.56
0.53 -0.67 -0.53 0.21
-0.57 0.19 -0.80 0.28
0.00 0.00 0.00 1.00


0.81 0.02 -0.59 0.59
0.02 -1.00 -0.02 -0.06
-0.59 0.00 -0.81 0.17
0.00 0.00 0.00 1.00


0.58 -0.66 -0.48 0.56
-0.56 -0.75 0.36 -0.21
-0.60 0.06 -0.80 0.13
0.00 0.00 0.00 1.00


-0.03 -1.00 -0.08 0.46
-0.70 -0.03 0.71 -0.35
-0.71 0.08 -0.70 0.11
0.00 0.00 0.00 1.00


-0.36 -0.86 0.35 0.30
-0.54 0.50 0.67 -0.23
-0.76 0.06 -0.65 0.14
0.00 0.00 0.00 1.00


1.00 -0.02 -0.03 0.51
-0.02 -1.00 -0.01 -0.05
-0.03 0.01 -1.00 0.44
0.00 0.00 0.00 1.00


reset


0.84 0.03 0.54 0.37
0.03 -1.00 -0.00 0.02
0.54 0.02 -0.84 0.38
0.00 0.00 0.00 1.00


0.68 -0.56 0.47 0.40
-0.51 -0.82 -0.25 0.21
0.53 -0.07 -0.85 0.41
0.00 0.00 0.00 1.00


0.02 0.99 0.15 0.39
0.78 0.08 -0.62 0.32
-0.63 0.13 -0.77 0.34
0.00 0.00 0.00 1.00


0.63 0.72 -0.28 0.52
0.53 -0.67 -0.53 0.21
-0.57 0.19 -0.80 0.24
0.00 0.00 0.00 1.00


0.81 0.02 -0.59 0.63
0.02 -1.00 -0.02 -0.03
-0.59 0.00 -0.81 0.18
0.00 0.00 0.00 1.00


0.58 -0.66 -0.48 0.58
-0.56 -0.75 0.36 -0.26
-0.60 0.06 -0.80 0.17
0.00 0.00 0.00 1.00


-0.03 -1.00 -0.08 0.44
-0.70 -0.03 0.71 -0.32
-0.71 0.08 -0.70 0.11
0.00 0.00 0.00 1.00


-0.36 -0.86 0.35 0.34
-0.54 0.50 0.67 -0.24
-0.76 0.06 -0.65 0.12
0.00 0.00 0.00 1.00


1.00 -0.02 -0.03 0.52
-0.02 -1.00 -0.01 -0.01
-0.03 0.01 -1.00 0.43
0.00 0.00 0.00 1.00


reset


