0.76 0.01 0.65 0.68
-0.02 -1.00 0.04 0.06
0.65 -0.04 -0.76 0.65
0.00 0.00 0.00 1.00


0.82 0.02 0.57 0.68
0.00 -1.00 0.03 0.06
0.57 -0.02 -0.82 0.55
0.00 0.00 0.00 1.00


0.87 0.01 0.50 0.72
-0.01 -1.00 0.03 0.06
0.50 -0.03 -0.87 0.44
0.00 0.00 0.00 1.00


0.77 0.17 0.62 0.66
0.22 -0.97 -0.01 0.18
0.60 0.14 -0.79 0.52
0.00 0.00 0.00 1.00


0.54 0.36 0.76 0.67
0.77 -0.57 -0.28 0.32
0.33 0.74 -0.59 0.51
0.00 0.00 0.00 1.00


0.81 -0.01 0.59 0.70
0.08 -0.99 -0.12 0.14
0.58 0.14 -0.80 0.57
0.00 0.00 0.00 1.00


0.86 -0.08 0.51 0.75
-0.24 -0.94 0.26 -0.01
0.46 -0.34 -0.82 0.54
0.00 0.00 0.00 1.00


0.75 -0.27 0.60 0.76
-0.61 -0.62 0.49 -0.13
0.24 -0.74 -0.63 0.55
0.00 0.00 0.00 1.00


0.82 0.02 0.58 0.74
0.01 -1.00 0.02 0.08
0.58 -0.01 -0.82 0.56
0.00 0.00 0.00 1.00


0.72 0.05 0.69 0.60
-0.06 -0.99 0.14 0.08
0.69 -0.14 -0.71 0.76
0.00 0.00 0.00 1.00


reset


0.76 0.01 0.65 0.66
-0.02 -1.00 0.04 0.08
0.65 -0.04 -0.76 0.68
0.00 0.00 0.00 1.00


0.82 0.02 0.57 0.67
0.00 -1.00 0.03 0.05
0.57 -0.02 -0.82 0.57
0.00 0.00 0.00 1.00


0.87 0.01 0.50 0.74
-0.01 -1.00 0.03 0.06
0.50 -0.03 -0.87 0.45
0.00 0.00 0.00 1.00


0.77 0.17 0.62 0.65
0.22 -0.97 -0.01 0.19
0.60 0.14 -0.79 0.51
0.00 0.00 0.00 1.00


0.54 0.36 0.76 0.65
0.77 -0.57 -0.28 0.29
0.33 0.74 -0.59 0.54
0.00 0.00 0.00 1.00


0.81 -0.01 0.59 0.72
0.08 -0.99 -0.12 0.14
0.58 0.14 -0.80 0.58
0.00 0.00 0.00 1.00


0.86 -0.08 0.51 0.77
-0.24 -0.94 0.26 -0.01
0.46 -0.34 -0.82 0.56
0.00 0.00 0.00 1.00


0.75 -0.27 0.60 0.74
-0.61 -0.62 0.49 -0.14
0.24 -0.74 -0.63 0.58
0.00 0.00 0.00 1.00


0.82 0.02 0.58 0.73
0.01 -1.00 0.02 0.09
0.58 -0.01 -0.82 0.54
0.00 0.00 0.00 1.00


0.72 0.05 0.69 0.62
-0.06 -0.99 0.14 0.09
0.69 -0.14 -0.71 0.77
0.00 0.00 0.00 1.00


reset


0.76 0.01 0.65 0.69
-0.02 -1.00 0.04 0.06
0.65 -0.04 -0.76 0.64
0.00 0.00 0.00 1.00


0.82 0.02 0.57 0.66
0.00 -1.00 0.03 0.07
0.57 -0.02 -0.82 0.56
0.00 0.00 0.00 1.00


0.87 0.01 0.50 0.70
-0.01 -1.00 0.03 0.09
0.50 -0.03 -0.87 0.47
0.00 0.00 0.00 1.00


0.77 0.17 0.62 0.64
0.22 -0.97 -0.01 0.20
0.60 0.14 -0.79 0.51
0.00 0.00 0.00 1.00


0.54 0.36 0.76 0.66
0.77 -0.57 -0.28 0.30
0.33 0.74 -0.59 0.50
0.00 0.00 0.00 1.00


0.81 -0.01 0.59 0.67
0.08 -0.99 -0.12 0.11
0.58 0.14 -0.80 0.56
0.00 0.00 0.00 1.00


0.86 -0.08 0.51 0.73
-0.24 -0.94 0.26 0.01
0.46 -0.34 -0.82 0.53
0.00 0.00 0.00 1.00


0.75 -0.27 0.60 0.78
-0.61 -0.62 0.49 -0.12
0.24 -0.74 -0.63 0.54
0.00 0.00 0.00 1.00


0.82 0.02 0.58 0.74
0.01 -1.00 0.02 0.09
0.58 -0.01 -0.82 0.59
0.00 0.00 0.00 1.00


0.72 0.05 0.69 0.58
-0.06 -0.99 0.14 0.07
0.69 -0.14 -0.71 0.73
0.00 0.00 0.00 1.00


reset


0.76 0.01 0.65 0.66
-0.02 -1.00 0.04 0.08
0.65 -0.04 -0.76 0.66
0.00 0.00 0.00 1.00


0.82 0.02 0.57 0.66
0.00 -1.00 0.03 0.03
0.57 -0.02 -0.82 0.53
0.00 0.00 0.00 1.00


0.87 0.01 0.50 0.70
-0.01 -1.00 0.03 0.04
0.50 -0.03 -0.87 0.46
0.00 0.00 0.00 1.00


0.77 0.17 0.62 0.67
0.22 -0.97 -0.01 0.16
0.60 0.14 -0.79 0.50
0.00 0.00 0.00 1.00


0.54 0.36 0.76 0.68
0.77 -0.57 -0.28 0.29
0.33 0.74 -0.59 0.50
0.00 0.00 0.00 1.00


0.81 -0.01 0.59 0.71
0.08 -0.99 -0.12 0.11
0.58 0.14 -0.80 0.55
0.00 0.00 0.00 1.00


0.86 -0.08 0.51 0.75
-0.24 -0.94 0.26 -0.02
0.46 -0.34 -0.82 0.54
0.00 0.00 0.00 1.00


0.75 -0.27 0.60 0.75
-0.61 -0.62 0.49 -0.11
0.24 -0.74 -0.63 0.53
0.00 0.00 0.00 1.00


0.82 0.02 0.58 0.72
0.01 -1.00 0.02 0.10
0.58 -0.01 -0.82 0.58
0.00 0.00 0.00 1.00


0.72 0.05 0.69 0.63
-0.06 -0.99 0.14 0.06
0.69 -0.14 -0.71 0.76
0.00 0.00 0.00 1.00


reset


0.76 0.01 0.65 0.69
-0.02 -1.00 0.04 0.07
0.65 -0.04 -0.76 0.62
0.00 0.00 0.00 1.00


0.82 0.02 0.57 0.65
0.00 -1.00 0.03 0.05
0.57 -0.02 -0.82 0.53
0.00 0.00 0.00 1.00


0.87 0.01 0.50 0.75
-0.01 -1.00 0.03 0.06
0.50 -0.03 -0.87 0.46
0.00 0.00 0.00 1.00


0.77 0.17 0.62 0.64
0.22 -0.97 -0.01 0.18
0.60 0.14 -0.79 0.50
0.00 0.00 0.00 1.00


0.54 0.36 0.76 0.68
0.77 -0.57 -0.28 0.31
0.33 0.74 -0.59 0.49
0.00 0.00 0.00 1.00


0.81 -0.01 0.59 0.68
0.08 -0.99 -0.12 0.16
0.58 0.14 -0.80 0.58
0.00 0.00 0.00 1.00


0.86 -0.08 0.51 0.73
-0.24 -0.94 0.26 0.01
0.46 -0.34 -0.82 0.55
0.00 0.00 0.00 1.00


0.75 -0.27 0.60 0.77
-0.61 -0.62 0.49 -0.14
0.24 -0.74 -0.63 0.52
0.00 0.00 0.00 1.00


0.82 0.02 0.58 0.73
0.01 -1.00 0.02 0.10
0.58 -0.01 -0.82 0.56
0.00 0.00 0.00 1.00


0.72 0.05 0.69 0.58
-0.06 -0.99 0.14 0.08
0.69 -0.14 -0.71 0.78
0.00 0.00 0.00 1.00


reset


0.76 0.01 0.65 0.66
-0.02 -1.00 0.04 0.08
0.65 -0.04 -0.76 0.65
0.00 0.00 0.00 1.00


0.82 0.02 0.57 0.68
0.00 -1.00 0.03 0.07
0.57 -0.02 -0.82 0.55
0.00 0.00 0.00 1.00


0.87 0.01 0.50 0.74
-0.01 -1.00 0.03 0.03
0.50 -0.03 -0.87 0.44
0.00 0.00 0.00 1.00


0.77 0.17 0.62 0.63
0.22 -0.97 -0.01 0.21
0.60 0.14 -0.79 0.54
0.00 0.00 0.00 1.00


0.54 0.36 0.76 0.68
0.77 -0.57 -0.28 0.30
0.33 0.74 -0.59 0.51
0.00 0.00 0.00 1.00


0.81 -0.01 0.59 0.68
0.08 -0.99 -0.12 0.16
0.58 0.14 -0.80 0.54
0.00 0.00 0.00 1.00


0.86 -0.08 0.51 0.74
-0.24 -0.94 0.26 -0.02
0.46 -0.34 -0.82 0.56
0.00 0.00 0.00 1.00


0.75 -0.27 0.60 0.79
-0.61 -0.62 0.49 -0.14
0.24 -0.74 -0.63 0.57
0.00 0.00 0.00 1.00


0.82 0.02 0.58 0.72
0.01 -1.00 0.02 0.09
0.58 -0.01 -0.82 0.54
0.00 0.00 0.00 1.00


0.72 0.05 0.69 0.59
-0.06 -0.99 0.14 0.10
0.69 -0.14 -0.71 0.75
0.00 0.00 0.00 1.00


reset


0.76 0.01 0.65 0.68
-0.02 -1.00 0.04 0.04
0.65 -0.04 -0.76 0.65
0.00 0.00 0.00 1.00


0.82 0.02 0.57 0.70
0.00 -1.00 0.03 0.05
0.57 -0.02 -0.82 0.53
0.00 0.00 0.00 1.00


0.87 0.01 0.50 0.72
-0.01 -1.00 0.03 0.08
0.50 -0.03 -0.87 0.43
0.00 0.00 0.00 1.00


0.77 0.17 0.62 0.64
0.22 -0.97 -0.01 0.20
0.60 0.14 -0.79 0.54
0.00 0.00 0.00 1.00


0.54 0.36 0.76 0.68
0.77 -0.57 -0.28 0.32
0.33 0.74 -0.59 0.48
0.00 0.00 0.00 1.00


0.81 -0.01 0.59 0.70
0.08 -0.99 -0.12 0.15
0.58 0.14 -0.80 0.60
0.00 0.00 0.00 1.00


0.86 -0.08 0.51 0.78
-0.24 -0.94 0.26 -0.02
0.46 -0.34 -0.82 0.52
0.00 0.00 0.00 1.00


0.75 -0.27 0.60 0.74
-0.61 -0.62 0.49 -0.16
0.24 -0.74 -0.63 0.57
0.00 0.00 0.00 1.00


0.82 0.02 0.58 0.75
0.01 -1.00 0.02 0.08
0.58 -0.01 -0.82 0.58
0.00 0.00 0.00 1.00


0.72 0.05 0.69 0.63
-0.06 -0.99 0.14 0.08
0.69 -0.14 -0.71 0.75
0.00 0.00 0.00 1.00


reset


0.76 0.01 0.65 0.66
-0.02 -1.00 0.04 0.08
0.65 -0.04 -0.76 0.66
0.00 0.00 0.00 1.00


0.82 0.02 0.57 0.66
0.00 -1.00 0.03 0.05
0.57 -0.02 -0.82 0.57
0.00 0.00 0.00 1.00


0.87 0.01 0.50 0.73
-0.01 -1.00 0.03 0.04
0.50 -0.03 -0.87 0.47
0.00 0.00 0.00 1.00


0.77 0.17 0.62 0.66
0.22 -0.97 -0.01 0.16
0.60 0.14 -0.79 0.51
0.00 0.00 0.00 1.00


0.54 0.36 0.76 0.65
0.77 -0.57 -0.28 0.30
0.33 0.74 -0.59 0.52
0.00 0.00 0.00 1.00


0.81 -0.01 0.59 0.71
0.08 -0.99 -0.12 0.13
0.58 0.14 -0.80 0.58
0.00 0.00 0.00 1.00


0.86 -0.08 0.51 0.76
-0.24 -0.94 0.26 0.00
0.46 -0.34 -0.82 0.52
0.00 0.00 0.00 1.00


0.75 -0.27 0.60 0.78
-0.61 -0.62 0.49 -0.10
0.24 -0.74 -0.63 0.56
0.00 0.00 0.00 1.00


0.82 0.02 0.58 0.71
0.01 -1.00 0.02 0.10
0.58 -0.01 -0.82 0.56
0.00 0.00 0.00 1.00


0.72 0.05 0.69 0.61
-0.06 -0.99 0.14 0.07
0.69 -0.14 -0.71 0.76
0.00 0.00 0.00 1.00


reset


0.76 0.01 0.65 0.70
-0.02 -1.00 0.04 0.04
0.65 -0.04 -0.76 0.63
0.00 0.00 0.00 1.00


0.82 0.02 0.57 0.69
0.00 -1.00 0.03 0.05
0.57 -0.02 -0.82 0.58
0.00 0.00 0.00 1.00


0.87 0.01 0.50 0.71
-0.01 -1.00 0.03 0.04
0.50 -0.03 -0.87 0.46
0.00 0.00 0.00 1.00


0.77 0.17 0.62 0.64
0.22 -0.97 -0.01 0.16
0.60 0.14 -0.79 0.50
0.00 0.00 0.00 1.00


0.54 0.36 0.76 0.64
0.77 -0.57 -0.28 0.30
0.33 0.74 -0.59 0.53
0.00 0.00 0.00 1.00


0.81 -0.01 0.59 0.71
0.08 -0.99 -0.12 0.13
0.58 0.14 -0.80 0.59
0.00 0.00 0.00 1.00


0.86 -0.08 0.51 0.75
-0.24 -0.94 0.26 -0.03
0.46 -0.34 -0.82 0.55
0.00 0.00 0.00 1.00


0.75 -0.27 0.60 0.74
-0.61 -0.62 0.49 -0.16
0.24 -0.74 -0.63 0.56
0.00 0.00 0.00 1.00


0.82 0.02 0.58 0.76
0.01 -1.00 0.02 0.10
0.58 -0.01 -0.82 0.59
0.00 0.00 0.00 1.00


0.72 0.05 0.69 0.59
-0.06 -0.99 0.14 0.06
0.69 -0.14 -0.71 0.76
0.00 0.00 0.00 1.00


reset


0.76 0.01 0.65 0.67
-0.02 -1.00 0.04 0.04
0.65 -0.04 -0.76 0.68
0.00 0.00 0.00 1.00


0.82 0.02 0.57 0.68
0.00 -1.00 0.03 0.07
0.57 -0.02 -0.82 0.58
0.00 0.00 0.00 1.00


0.87 0.01 0.50 0.70
-0.01 -1.00 0.03 0.08
0.50 -0.03 -0.87 0.46
0.00 0.00 0.00 1.00


0.77 0.17 0.62 0.68
0.22 -0.97 -0.01 0.19
0.60 0.14 -0.79 0.49
0.00 0.00 0.00 1.00


0.54 0.36 0.76 0.70
0.77 -0.57 -0.28 0.30
0.33 0.74 -0.59 0.54
0.00 0.00 0.00 1.00


0.81 -0.01 0.59 0.68
0.08 -0.99 -0.12 0.13
0.58 0.14 -0.80 0.55
0.00 0.00 0.00 1.00


0.86 -0.08 0.51 0.76
-0.24 -0.94 0.26 -0.00
0.46 -0.34 -0.82 0.52
0.00 0.00 0.00 1.00


0.75 -0.27 0.60 0.76
-0.61 -0.62 0.49 -0.11
0.24 -0.74 -0.63 0.52
0.00 0.00 0.00 1.00


0.82 0.02 0.58 0.76
0.01 -1.00 0.02 0.06
0.58 -0.01 -0.82 0.59
0.00 0.00 0.00 1.00


0.72 0.05 0.69 0.60
-0.06 -0.99 0.14 0.06
0.69 -0.14 -0.71 0.77
0.00 0.00 0.00 1.00


reset


